/*
・必ず命令は一行で書くこと
・「命令名　引数1、引数2、引数3、、、、」の形で命令を与えることができる
・画面の左上を(0,0)、右下を(640,480）としている
・枠の座標は(150,20),(490,460)、敵の存在できる範囲は(120,0),(520,480)の矩形
・突拍子も無い数値を指定するとどうなるか分からないので常識の範囲内で自己責任で
・ひとつでも引数が欠ける、または無い命令を書いたりするとエラーを出すので注意
・現在このコメントが書いてあるように*//*で囲むことでコメントアウトできる
・現在使用可能な命令は以下の通り

	・命令内容:内容の通り
	命令名:まずはコレを指定
	引数の詳細:命令名の後にスペースを開け上の形で指定
	※必ず命令は一行で書くこと！例は下

･指定時間待つ
wait 
待ち時間(フレーム数)time

･放射状に弾を吐き出す敵
enemy1 
出現位置x, 出現位置y, 速度x_spd, 速度y_spd, 加速度x_axel, 加速度y_axel,
体力vital, 回転角(360)roll, 弾速shot_speed, 方向数(n-way)shot_num, 発射間隔count

･自機狙いを出す敵
enemy2 
出現位置x, 出現位置y, 速度x_spd, 速度y_spd, 加速度x_axel, 加速度y_axel,
体力vital, 弾速shot_speed, 発射間隔count

･扇形に玉を出す敵
enemy3_2Point 
出現位置x, 出現位置y, 停止位置x, 停止位置y, 消滅位置x, 消滅位置y,
出現位置から停止位置までかかる時間time1, 停止位置から消滅位置までかかる時間time2, 停止時間shot_time, 
体力vital, 弾速shot_speed, 扇型の最大弾数max_shot_num, 発射間隔count

etc...

*/

enemy8  320,10,0,0.5,0,0,100,  5,0,30,1,10
wait 600

enemy8  320,10,0,0.5,0,0,100,  5,0,30,2,10
wait 600

enemy8  320,10,0,0.5,0,0,100,  5,0,30,3,10
wait 600

enemy8  320,10,0,0.5,0,0,100,  5,0,30,5,10
wait 600

enemy8  320,10,0,0.5,0,0,100,  5,0,30,10,10
wait 600

enemy8  320,10,0,0.5,0,0,100,  5,0,30,15,10
wait 600

enemy8_2Point  220,0,220,300,220,0,90,90,6000,1000, 3.0,0,0,30,6000
enemy8_2Point  320,0,320,300,320,0,90,90,6000,1000, 3.0,0,0,30,6000
enemy8_2Point  420,0,420,300,420,0,90,90,6000,1000, 3.0,0,0,30,6000
wait 200


wait 200

wait 50
enemy7_2Point 390,0,490,80,540,200,90,180,90,100,   5.0,1.0,-0.03,0,60,8
enemy7_2Point 390,0,440,80,540,200,90,180,90,100,   5.0,1.0,-0.03,0,60,8
enemy7_2Point 390,0,390,90,540,200,90,180,90,100,   5.0,1.0,-0.03,0,60,8
enemy7_2Point 390,0,340,100,540,200,90,180,90,100,  5.0,1.0,-0.03,0,60,8
enemy7_2Point 390,0,290,110,540,200,90,180,90,100,  5.0,1.0,-0.03,0,60,8
enemy7_2Point 390,0,240,120,540,200,90,180,90,100,  5.0,1.0,-0.03,0,60,8
enemy7_2Point 390,0,190,130,540,200,90,180,90,100,  5.0,1.0,-0.03,0,60,8
enemy7_2Point 390,0,140,140,540,200,90,180,90,100,  5.0,1.0,-0.03,0,60,8
enemy7_2Point 390,0,90,150,540,200,90,180,90,100,   5.0,1.0,-0.03,0,60,8
wait 50
enemy7_2Point 250,0,150,80,100,200,90,180,90,100,   5.0,1.0,-0.03,0,60,8
enemy7_2Point 250,0,200,80,100,200,90,180,90,100,   5.0,1.0,-0.03,0,60,8
enemy7_2Point 250,0,250,90,100,200,90,180,90,100,   5.0,1.0,-0.03,0,60,8
enemy7_2Point 250,0,300,100,100,200,90,180,90,100,  5.0,1.0,-0.03,0,60,8
enemy7_2Point 250,0,350,110,100,200,90,180,90,100,  5.0,1.0,-0.03,0,60,8
enemy7_2Point 250,0,400,120,100,200,90,180,90,100,  5.0,1.0,-0.03,0,60,8
enemy7_2Point 250,0,450,130,100,200,90,180,90,100,  5.0,1.0,-0.03,0,60,8
enemy7_2Point 250,0,500,140,100,200,90,180,90,100,  5.0,1.0,-0.03,0,60,8
enemy7_2Point 250,0,550,150,100,200,90,180,90,100,  5.0,1.0,-0.03,0,60,8
wait 50
enemy7_2Point 390,0,490,80,540,200,90,180,90,100,   5.0,1.0,-0.03,0,60,8
enemy7_2Point 390,0,440,80,540,200,90,180,90,100,   5.0,1.0,-0.03,0,60,8
enemy7_2Point 390,0,390,90,540,200,90,180,90,100,   5.0,1.0,-0.03,0,60,8
enemy7_2Point 390,0,340,100,540,200,90,180,90,100,  5.0,1.0,-0.03,0,60,8
enemy7_2Point 390,0,290,110,540,200,90,180,90,100,  5.0,1.0,-0.03,0,60,8
enemy7_2Point 390,0,240,120,540,200,90,180,90,100,  5.0,1.0,-0.03,0,60,8
enemy7_2Point 390,0,190,130,540,200,90,180,90,100,  5.0,1.0,-0.03,0,60,8
enemy7_2Point 390,0,140,140,540,200,90,180,90,100,  5.0,1.0,-0.03,0,60,8
enemy7_2Point 390,0,90,150,540,200,90,180,90,100,   5.0,1.0,-0.03,0,60,8
wait 50
enemy7_2Point 250,0,150,80,100,200,90,180,90,100,   5.0,1.0,-0.03,0,60,8
enemy7_2Point 250,0,200,80,100,200,90,180,90,100,   5.0,1.0,-0.03,0,60,8
enemy7_2Point 250,0,250,90,100,200,90,180,90,100,   5.0,1.0,-0.03,0,60,8
enemy7_2Point 250,0,300,100,100,200,90,180,90,100,  5.0,1.0,-0.03,0,60,8
enemy7_2Point 250,0,350,110,100,200,90,180,90,100,  5.0,1.0,-0.03,0,60,8
enemy7_2Point 250,0,400,120,100,200,90,180,90,100,  5.0,1.0,-0.03,0,60,8
enemy7_2Point 250,0,450,130,100,200,90,180,90,100,  5.0,1.0,-0.03,0,60,8
enemy7_2Point 250,0,500,140,100,200,90,180,90,100,  5.0,1.0,-0.03,0,60,8
enemy7_2Point 250,0,550,150,100,200,90,180,90,100,  5.0,1.0,-0.03,0,60,8




wait 200

enemy2 130,160,2,-3,0,0.05,20,5,7
enemy2 510,160,-2,-3,0,0.05,20,5,7
wait 18
enemy2 130,160,2,-3,0,0.05,20,5,7
enemy2 510,160,-2,-3,0,0.05,20,5,7
wait 18
enemy2 130,160,2,-3,0,0.05,20,5,7
enemy2 510,160,-2,-3,0,0.05,20,5,7
wait 18
enemy2 130,160,2,-3,0,0.05,20,5,7
enemy2 510,160,-2,-3,0,0.05,20,5,7
wait 18
enemy2 130,160,2,-3,0,0.05,20,5,7
enemy2 510,160,-2,-3,0,0.05,20,5,7
wait 18
enemy2 130,160,2,-3,0,0.05,20,5,7
enemy2 510,160,-2,-3,0,0.05,20,5,7
wait 18
enemy2 130,160,2,-3,0,0.05,20,5,7
enemy2 510,160,-2,-3,0,0.05,20,5,7
wait 18
enemy2 130,160,2,-3,0,0.05,20,5,7
enemy2 510,160,-2,-3,0,0.05,20,5,7

wait 80

wait 8
enemy3_2Point 130,300,220,90,600,240,60,180,60,40,3.9,8,4
wait 8
enemy3_2Point 130,300,220,90,600,240,60,180,60,40,3.9,8,4
wait 8
enemy3_2Point 130,300,220,90,600,240,60,180,60,40,3.9,8,4
wait 8
enemy3_2Point 130,300,220,90,600,240,60,180,60,40,3.9,8,4

wait 8
enemy3_2Point 510,300,420,90,40,240,60,180,60,40,3.9,8,4
wait 8
enemy3_2Point 510,300,420,90,40,240,60,180,60,40,3.9,8,4
wait 8
enemy3_2Point 510,300,420,90,40,240,60,180,60,40,3.9,8,4
wait 8
enemy3_2Point 510,300,420,90,40,240,60,180,60,40,3.9,8,4

wait 8
enemy3_2Point 130,300,220,90,600,240,60,180,60,40,3.9,8,4
wait 8
enemy3_2Point 130,300,220,90,600,240,60,180,60,40,3.9,8,4
wait 8
enemy3_2Point 130,300,220,90,600,240,60,180,60,40,3.9,8,4
wait 8
enemy3_2Point 130,300,220,90,600,240,60,180,60,40,3.9,8,4
wait 8
enemy3_2Point 130,300,220,90,600,240,60,180,60,40,3.9,8,4
wait 8
enemy3_2Point 130,300,220,90,600,240,60,180,60,40,3.9,8,4
wait 8
enemy3_2Point 130,300,220,90,600,240,60,180,60,40,3.9,8,4
wait 8
enemy3_2Point 130,300,220,90,600,240,60,180,60,40,3.9,8,4

wait 8
enemy3_2Point 510,300,420,90,40,240,60,180,60,40,3.9,8,4
wait 8
enemy3_2Point 510,300,420,90,40,240,60,180,60,40,3.9,8,4
wait 8
enemy3_2Point 510,300,420,90,40,240,60,180,60,40,3.9,8,4
wait 8
enemy3_2Point 510,300,420,90,40,240,60,180,60,40,3.9,8,4
wait 8
enemy3_2Point 510,300,420,90,40,240,60,180,60,40,3.9,8,4
wait 8
enemy3_2Point 510,300,420,90,40,240,60,180,60,40,3.9,8,4
wait 8
enemy3_2Point 510,300,420,90,40,240,60,180,60,40,3.9,8,4
wait 8
enemy3_2Point 510,300,360,90,40,240,60,180,40,3.9,8,60,4

wait 110

wait 45
enemy1 250,0,-0.05,0.8,-0.001,0,400,1.0,1.0,15,50
wait 5
enemy2 510,20,-0.7,1.0,-0.2,0.05,20,6,5
wait 5
enemy2 510,20,-0.7,1.0,-0.2,0.05,20,6,5
wait 5
enemy2 510,20,-0.7,1.0,-0.2,0.05,20,6,5
wait 5
enemy2 510,20,-0.7,1.0,-0.2,0.05,20,6,5
wait 45
enemy1 390,0,0.05,0.8,0.001,0,400,-1.0,1.0,15,50
wait 5
enemy2 130,20,0.7,1.0,0.2,0.05,20,6,5
wait 5
enemy2 130,20,0.7,1.0,0.2,0.05,20,6,5
wait 5
enemy2 130,20,0.7,1.0,0.2,0.05,20,6,5
wait 5
enemy2 130,20,0.7,1.0,0.2,0.05,20,6,5

wait 45
enemy1 250,0,-0.05,0.8,-0.001,0,400,1.0,1.0,15,50
wait 5
enemy2 510,20,-0.7,1.0,-0.2,0.05,20,6,5
wait 5
enemy2 510,20,-0.7,1.0,-0.2,0.05,20,6,5
wait 5
enemy2 510,20,-0.7,1.0,-0.2,0.05,20,6,5
wait 5
enemy2 510,20,-0.7,1.0,-0.2,0.05,20,6,5
wait 45
enemy1 390,0,0.05,0.8,0.001,0,400,-1.0,1.0,15,50
wait 5
enemy2 130,20,0.7,1.0,0.2,0.05,20,6,5
wait 5
enemy2 130,20,0.7,1.0,0.2,0.05,20,6,5
wait 5
enemy2 130,20,0.7,1.0,0.2,0.05,20,6,5
wait 5
enemy2 130,20,0.7,1.0,0.2,0.05,20,6,5

wait 45
enemy1 250,0,-0.05,0.8,-0.001,0,400,1.0,1.0,15,50
wait 5
enemy2 510,20,-0.7,1.0,-0.2,0.05,20,6,5
wait 5
enemy2 510,20,-0.7,1.0,-0.2,0.05,20,6,5
wait 5
enemy2 510,20,-0.7,1.0,-0.2,0.05,20,6,5
wait 5
enemy2 510,20,-0.7,1.0,-0.2,0.05,20,6,5
wait 45
enemy1 390,0,0.05,0.8,0.001,0,400,-1.0,1.0,15,50
wait 5
enemy2 130,20,0.7,1.0,0.2,0.05,20,6,5
wait 5
enemy2 130,20,0.7,1.0,0.2,0.05,20,6,5
wait 5
enemy2 130,20,0.7,1.0,0.2,0.05,20,6,5
wait 5
enemy2 130,20,0.7,1.0,0.2,0.05,20,6,5

wait 45
enemy1 250,0,-0.05,0.8,-0.005,0,500,1.5,2.0,15,20
wait 5
enemy2 510,20,-0.7,1.0,-0.2,0.05,20,6,5
wait 5
enemy2 510,20,-0.7,1.0,-0.2,0.05,20,6,5
wait 5
enemy2 510,20,-0.7,1.0,-0.2,0.05,20,6,5
wait 5
enemy2 510,20,-0.7,1.0,-0.2,0.05,20,6,5
wait 45
enemy1 390,0,0.05,0.8,0.005,0,500,-1.5,2.0,15,20
wait 5
enemy2 130,20,0.7,1.0,0.2,0.05,20,6,5
wait 5
enemy2 130,20,0.7,1.0,0.2,0.05,20,6,5
wait 5
enemy2 130,20,0.7,1.0,0.2,0.05,20,6,5
wait 5
enemy2 130,20,0.7,1.0,0.2,0.05,20,6,5

wait 60


wait 1
enemy4_2Point 390,0,390,90,540,200,90,180,90,300 ,0,0.1,5,6,40
enemy4_2Point 250,0,250,90,100,200,90,180,90,300 ,0,0.1,5,6,40
wait 1              
enemy4_2Point 370,0,370,80,540,200,90,180,90,300 ,0,0.1,5,6,40
enemy4_2Point 270,0,270,80,100,200,90,180,90,300 ,0,0.1,5,6,40
wait 1              
enemy4_2Point 350,0,350,70,540,200,90,180,90,300 ,0,0.1,5,6,40
enemy4_2Point 290,0,290,70,100,200,90,180,90,300 ,0,0.1,5,6,40
wait 1              
enemy4_2Point 330,0,330,60,540,200,90,180,90,300 ,0,0.1,5,6,40
enemy4_2Point 310,0,310,60,100,200,90,180,90,300 ,0,0.1,5,6,40

wait 120
enemy6_2Point 140,0,320,300,500,0,60,60,240,20000, 1.0,0,10,2

wait 240
enemy5 230,0,0,0.1,0,0.05,200, 0,0,0,1.0,0,0,0.36,0,3,200,3
wait 30
enemy5 360,0,0,0.3,0,0.05,200, 0,0,0,1.0,0,0,0.36,0,3,200,3
wait 28
enemy5 180,0,0,0.2,0,0.05,200, 0,0,0,1.0,0,0,0.36,0,3,200,3
wait 25
enemy5 450,0,0,0.2,0,0.05,200, 0,0,0,1.0,0,0,0.36,0,3,200,3
wait 21
enemy5 300,0,0,0.3,0,0.05,200, 0,0,0,1.0,0,0,0.36,0,3,200,3
wait 17
enemy5 150,0,0,0.1,0,0.05,200, 0,0,0,1.0,0,0,0.36,0,3,200,3
wait 17
enemy5 400,0,0,0.1,0,0.05,200, 0,0,0,1.0,0,0,0.36,0,3,200,3
wait 17
enemy5 320,0,0,0.3,0,0.05,200, 0,0,0,1.0,0,0,0.36,0,3,200,3
wait 17
enemy5 160,0,0,0.2,0,0.05,200, 0,0,0,1.0,0,0,0.36,0,3,200,3
wait 17
enemy5 290,0,0,0.2,0,0.05,200, 0,0,0,1.0,0,0,0.36,0,3,200,3

wait 30
enemy5 230,0,0,0.1,0,0.05,200, 0,0,0,1.0,0,0,0.36,0,3,200,3
wait 30                                         
enemy5 360,0,0,0.3,0,0.05,200, 0,0,0,1.0,0,0,0.36,0,3,200,3
wait 28                                         
enemy5 180,0,0,0.2,0,0.05,200, 0,0,0,1.0,0,0,0.36,0,3,200,3
wait 25                                         
enemy5 450,0,0,0.2,0,0.05,200, 0,0,0,1.0,0,0,0.36,0,3,200,3
wait 21                                         
enemy5 300,0,0,0.3,0,0.05,200, 0,0,0,1.0,0,0,0.36,0,3,200,3
wait 17                                         
enemy5 150,0,0,0.1,0,0.05,200, 0,0,0,1.0,0,0,0.36,0,3,200,3
wait 17                                         
enemy5 400,0,0,0.1,0,0.05,200, 0,0,0,1.0,0,0,0.36,0,3,200,3
wait 17                                         
enemy5 320,0,0,0.3,0,0.05,200, 0,0,0,1.0,0,0,0.36,0,3,200,3
wait 17                                         
enemy5 160,0,0,0.2,0,0.05,200, 0,0,0,1.0,0,0,0.36,0,3,200,3
wait 17                                         
enemy5 290,0,0,0.2,0,0.05,200, 0,0,0,1.0,0,0,0.36,0,3,200,3


wait 360
enemy2 130,160,2,-3,0,0.05,10 ,5,7
enemy2 510,160,-2,-3,0,0.05,10 ,5,7
enemy5 130,430,3,0,0,0,100, 0,0,0,1.0,0,0,0.36,0,3,200,3
wait 18
enemy2 130,160,2,-3,0,0.05,10 ,5,7
enemy2 510,160,-2,-3,0,0.05,10 ,5,7
enemy5 510,400,-3,0,0,0,100, 0,0,0,1.0,0,0,0.36,0,3,200,3
wait 18
enemy2 130,160,2,-3,0,0.05,10 ,5,7
enemy2 510,160,-2,-3,0,0.05,10 ,5,7
enemy5 130,370,3,0,0,0,100, 0,0,0,1.0,0,0,0.36,0,3,200,3
wait 18
enemy2 130,160,2,-3,0,0.05,10 ,5,7
enemy2 510,160,-2,-3,0,0.05,10 ,5,7
enemy5 510,340,-3,0,0,0,100, 0,0,0,1.0,0,0,0.36,0,3,200,3
wait 18
enemy2 130,160,2,-3,0,0.05,10 ,5,7
enemy2 510,160,-2,-3,0,0.05,10 ,5,7
wait 18
enemy2 130,160,2,-3,0,0.05,10 ,5,7
enemy2 510,160,-2,-3,0,0.05,10 ,5,7

wait 120
enemy2 130,320,2,3,0,-0.05,10 ,5,7
enemy2 510,320,-2,3,0,-0.05,10 ,5,7
wait 18
enemy2 130,320,2,3,0,-0.05,10 ,5,7
enemy2 510,320,-2,3,0,-0.05,10 ,5,7
wait 18
enemy2 130,320,2,3,0,-0.05,10 ,5,7
enemy2 510,320,-2,3,0,-0.05,10 ,5,7
wait 18
enemy2 130,320,2,3,0,-0.05,10 ,5,7
enemy2 510,320,-2,3,0,-0.05,10 ,5,7
wait 18
enemy2 130,320,2,3,0,-0.05,10 ,5,7
enemy2 510,320,-2,3,0,-0.05,10 ,5,7
wait 18
enemy2 130,320,2,3,0,-0.05,10 ,5,7
enemy2 510,320,-2,3,0,-0.05,10 ,5,7
wait 18
enemy2 130,320,2,3,0,-0.05,10 ,5,7
enemy2 510,320,-2,3,0,-0.05,10 ,5,7
wait 18
enemy2 130,320,2,3,0,-0.05,10 ,5,7
enemy2 510,320,-2,3,0,-0.05,10 ,5,7

wait 90
enemy1_2Point 130,240,410,120,130,0,60,180,1800,270, 13,1.1,16,9
enemy1_2Point 510,240,230,120,510,0,60,180,1800,270, -13,1.1,16,9

wait 190
enemy1_2Point 130,240,410,120,130,0,60,180,1800,150, 13,1.1,16,11
enemy1_2Point 510,240,230,120,510,0,60,180,1800,150, -13,1.1,16,11
enemy1_2Point 130,280,460,140,130,0,60,180,1800,200, 13,1.1,16,11
enemy1_2Point 510,280,180,140,510,0,60,180,1800,200, -13,1.1,16,11

wait 190
enemy5_2Point 130,240,410,120,130,0,60,180,1800,10000, 3.0,0,-3.2,0.05,0,50,0.7,0,15,1000,11
enemy5_2Point 510,240,230,120,510,0,60,180,1800,10000, 3.0,0,3.2,-0.05,0,50,0.7,0,15,1000,11
wait 460
enemy6_2Point 320,0,320,300,320,0,60,60,1340,8000, 0.8,0,5,6
wait 1400


BOSS_1 320,150
