/*
・必ず命令は一行で書くこと
・「命令名　引数1、引数2、引数3、、、、」の形で命令を与えることができる
・画面の左上を(0,0)、右下を(640,480）としている
・枠の座標は(150,20),(490,460)、敵の存在できる範囲は(120,0),(520,480)の矩形
・突拍子も無い数値を指定するとどうなるか分からないので常識の範囲内で自己責任で
・ひとつでも引数が欠ける、または無い命令を書いたりするとエラーを出すので注意
・現在このコメントが書いてあるように*//*で囲むことでコメントアウトできる
・現在使用可能な命令は以下の通り

	・命令内容:内容の通り
	命令名:まずはコレを指定
	引数の詳細:命令名の後にスペースを開け上の形で指定
	※必ず命令は一行で書くこと！例は下

･指定時間待つ
wait 
待ち時間(フレーム数)time

･放射状に弾を吐き出す敵
enemy1 
出現位置x, 出現位置y, 速度x_spd, 速度y_spd, 加速度x_axel, 加速度y_axel,
体力vital, 回転角(360)roll, 弾速shot_speed, 方向数(n-way)shot_num, 発射間隔count

･自機狙いを出す敵
enemy2 
出現位置x, 出現位置y, 速度x_spd, 速度y_spd, 加速度x_axel, 加速度y_axel,
体力vital, 弾速shot_speed, 発射間隔count

･扇形に玉を出す敵
enemy3_2Point 
出現位置x, 出現位置y, 停止位置x, 停止位置y, 消滅位置x, 消滅位置y,
出現位置から停止位置までかかる時間time1, 停止位置から消滅位置までかかる時間time2, 停止時間shot_time, 
体力vital, 弾速shot_speed, 扇型の最大弾数max_shot_num, 発射間隔count

etc...

*/
enemy7_2Point 390,0,490,80,540,200,90,180,90,100,   5.0,1.0,-0.03,0,60,8
enemy7_2Point 390,0,440,80,540,200,90,180,90,100,   5.0,1.0,-0.03,0,60,8
enemy7_2Point 390,0,390,90,540,200,90,180,90,100,   5.0,1.0,-0.03,0,60,8
enemy7_2Point 390,0,340,100,540,200,90,180,90,100,  5.0,1.0,-0.03,0,60,8
enemy7_2Point 390,0,290,110,540,200,90,180,90,100,  5.0,1.0,-0.03,0,60,8
enemy7_2Point 390,0,240,120,540,200,90,180,90,100,  5.0,1.0,-0.03,0,60,8
enemy7_2Point 390,0,190,130,540,200,90,180,90,100,  5.0,1.0,-0.03,0,60,8
enemy7_2Point 390,0,140,140,540,200,90,180,90,100,  5.0,1.0,-0.03,0,60,8
enemy7_2Point 390,0,90,150,540,200,90,180,90,100,   5.0,1.0,-0.03,0,60,8
wait 100
enemy7_2Point 390,0,490,80,540,200,90,180,90,100,   1.0,0,-0.03,0,60,8
enemy7_2Point 390,0,440,80,540,200,90,180,90,100,   1.0,0,-0.03,0,60,8
enemy7_2Point 390,0,390,90,540,200,90,180,90,100,   1.0,0,-0.03,0,60,8
enemy7_2Point 390,0,340,100,540,200,90,180,90,100,  1.0,0,-0.03,0,60,8
enemy7_2Point 390,0,290,110,540,200,90,180,90,100,  1.0,0,-0.03,0,60,8
enemy7_2Point 390,0,240,120,540,200,90,180,90,100,  1.0,0,-0.03,0,60,8
enemy7_2Point 390,0,190,130,540,200,90,180,90,100,  1.0,0,-0.03,0,60,8
enemy7_2Point 390,0,140,140,540,200,90,180,90,100,  1.0,0,-0.03,0,60,8
enemy7_2Point 390,0,90,150,540,200,90,180,90,100,   1.0,0,-0.03,0,60,8
wait 100
enemy7_2Point 390,0,490,80,540,200,90,180,90,100,   1.0,5.0,0.03,0,60,8
enemy7_2Point 390,0,440,80,540,200,90,180,90,100,   1.0,5.0,0.03,0,60,8
enemy7_2Point 390,0,390,90,540,200,90,180,90,100,   1.0,5.0,0.03,0,60,8
enemy7_2Point 390,0,340,100,540,200,90,180,90,100,  1.0,5.0,0.03,0,60,8
enemy7_2Point 390,0,290,110,540,200,90,180,90,100,  1.0,5.0,0.03,0,60,8
enemy7_2Point 390,0,240,120,540,200,90,180,90,100,  1.0,5.0,0.03,0,60,8
enemy7_2Point 390,0,190,130,540,200,90,180,90,100,  1.0,5.0,0.03,0,60,8
enemy7_2Point 390,0,140,140,540,200,90,180,90,100,  1.0,5.0,0.03,0,60,8
enemy7_2Point 390,0,90,150,540,200,90,180,90,100,   1.0,5.0,0.03,0,60,8
wait 100
enemy7_2Point 390,0,490,80,540,200,90,180,90,100,   -1.0,0,0.03,0,60,8
enemy7_2Point 390,0,440,80,540,200,90,180,90,100,   -1.0,0,0.03,0,60,8
enemy7_2Point 390,0,390,90,540,200,90,180,90,100,   -1.0,0,0.03,0,60,8
enemy7_2Point 390,0,340,100,540,200,90,180,90,100,  -1.0,0,0.03,0,60,8
enemy7_2Point 390,0,290,110,540,200,90,180,90,100,  -1.0,0,0.03,0,60,8
enemy7_2Point 390,0,240,120,540,200,90,180,90,100,  -1.0,0,0.03,0,60,8
enemy7_2Point 390,0,190,130,540,200,90,180,90,100,  -1.0,0,0.03,0,60,8
enemy7_2Point 390,0,140,140,540,200,90,180,90,100,  -1.0,0,0.03,0,60,8
enemy7_2Point 390,0,90,150,540,200,90,180,90,100,   -1.0,0,0.03,0,60,8

wait 200

BOSS_3 320,150
